0
0.012212435233160618
0.025092436974789915
-0.032670454545454544
0.08407058823529412
0.07377504393673111
0.1199874686716792
0.04408137931034483
0.07765151515151515
0.02515700934579439
0.00934723788049605
0.025930851063829786
0.06426332288401254
0.02055921052631579
0.08759047619047619
0.007949509116409537
0.04221308411214953
0.04218650421743205
0.052741410488245925
0.029274336283185844
-0.06796
0.06885935302391
-0.009405339805825242
0.04155955858487505
0.06342729970326409
0.019809652379345257
-0.002305327868852459
0.006510416666666667
0.03230434782608695
0.04020100502512563
0.053885630498533725
-0.008208255159474672
0.05298165137614679
-0.047009501187648454
0.034563621533442085
0.05546059544658494
0.059912420382165606
-0.0029043927648578828
0.013436538461538462
0.03259041394335513
0.0029940119760479044
-0.04270223325062034
-0.004197761194029851
0.05446757679180887
0.0011140819964349377
0.04684317032040472
0.026687953555878087
0.003273809523809524
0.01778557114228457
0.0107421875
0.039364522417154
0.04006938421509107
0.07438858695652174
0.016590604026845635
0.04462944162436548
0.06335616438356165
0.05418833333333333
0.06128247162673393
-0.005625
0.10161548731642188
-0.0537219512195122
0.05816288659793814
-0.01884487951807229
0.046600877192982455
0.11157407407407408
0.010080645161290322
0.0608598820058997
0.03887229437229437
0.03772832369942197
0.05621069182389937
0
-0.017361111111111112
0.061170212765957445
-0.03292838874680307
-0.029780564263322883
0.05753138075313807
0.09765333333333333
0.026806526806526808
0.0
-0.013228941684665227
-0.0062219979818365296
0.023284313725490197
0.03815261044176707
-0.0012991071428571446
0.0018844221105527637
0.07763675213675214
0.023799313893653515
-0.01655982905982906
0.00927734375
-0.02954319761668322
0.009924581005586592
0.02523491379310345
-0.05826042983565107
0.018511988716502115
0.07418562874251497
0.07919847328244274
0.016744733581164805
0.10264735264735264
0.016521594684385382
0.09342560553633218
0.023958333333333335
0.03143734015345269
0.10533940397350994
-0.0034883720930232558
0.042948630136986306
-0.02571074380165289
0.0822514450867052
0.03881621621621622
0.08116883116883117
0.054624841571609635
-0.004117870722433454
0.10539458689458689
0.02360869565217391
0.04202051282051281
0.007945686900958466
0.017608030592734226
0.04035194174757282
-0.04548611111111111
0.055378172588832486
0.0020903010033444815
0.04932598039215686
0.10172530864197532
0.050036717062634996
0.026932565789473683
0.02069191919191919
0.038724381625441694
0.03423236514522822
0.050784140969163
0.0011176470588235275
0.02701005025125628
0.0259840098400984
0.014373417721518986
-0.006287726358148894
-0.006325910931174089
0.1302941176470588
0.04739084132055378
