0
-0.017361111111111112
0.061170212765957445
-0.03292838874680307
-0.029780564263322883
0.05753138075313807
0.09765333333333333
0.026806526806526808
0.0
-0.013228941684665227
-0.0062219979818365296
0.023284313725490197
0.03815261044176707
-0.0012991071428571446
0.0018844221105527637
0.07763675213675214
0.023799313893653515
-0.01655982905982906
0.00927734375
-0.02954319761668322
0.009924581005586592
0.02523491379310345
-0.05826042983565107
0.018511988716502115
0.07418562874251497
0.07919847328244274
0.016744733581164805
0.10264735264735264
0.016521594684385382
0.09342560553633218
0.023958333333333335
0.03143734015345269
0.10533940397350994
-0.0034883720930232558
0.042948630136986306
-0.02571074380165289
0.0822514450867052
0.03881621621621622
0.08116883116883117
0.054624841571609635
-0.004117870722433454
0.10539458689458689
0.02360869565217391
0.04202051282051281
0.007945686900958466
0.017608030592734226
0.04035194174757282
-0.04548611111111111
0.055378172588832486
0.0020903010033444815
0.04932598039215686
0.10172530864197532
0.050036717062634996
0.026932565789473683
0.02069191919191919
0.038724381625441694
0.03423236514522822
0.050784140969163
0.0011176470588235275
0.02701005025125628
0.0259840098400984
0.014373417721518986
-0.006287726358148894
-0.006325910931174089
0.1302941176470588
0.04739084132055378
