0
0.012212435233160618
0.025092436974789915
-0.032670454545454544
0.08407058823529412
0.07377504393673111
0.1199874686716792
0.04408137931034483
0.07765151515151515
0.02515700934579439
0.00934723788049605
0.025930851063829786
0.06426332288401254
0.02055921052631579
0.08759047619047619
0.007949509116409537
0.04221308411214953
0.04218650421743205
0.052741410488245925
0.029274336283185844
-0.06796
0.06885935302391
-0.009405339805825242
0.04155955858487505
0.06342729970326409
0.019809652379345257
-0.002305327868852459
0.006510416666666667
0.03230434782608695
0.04020100502512563
0.053885630498533725
-0.008208255159474672
0.05298165137614679
-0.047009501187648454
0.034563621533442085
0.05546059544658494
0.059912420382165606
-0.0029043927648578828
0.013436538461538462
0.03259041394335513
0.0029940119760479044
-0.04270223325062034
-0.004197761194029851
0.05446757679180887
0.0011140819964349377
0.04684317032040472
0.026687953555878087
0.003273809523809524
0.01778557114228457
0.0107421875
0.039364522417154
0.04006938421509107
0.07438858695652174
0.016590604026845635
0.04462944162436548
0.06335616438356165
0.05418833333333333
0.06128247162673393
-0.005625
0.10161548731642188
-0.0537219512195122
0.05816288659793814
-0.01884487951807229
0.046600877192982455
0.11157407407407408
0.010080645161290322
0.0608598820058997
0.03887229437229437
0.03772832369942197
0.05621069182389937
