0
-0.030348017621145376
0.08147105263157894
0.05799863574351978
0.022428918590522477
0.00019004524886877743
0.005681818181818182
0.034228773584905656
-0.00980392156862745
0.009323910482921085
0.025889014722536807
0.04501228070175439
0.05083732057416268
0.014269406392694063
0.10128217821782177
0.031244655581947743
0.008227848101265823
0.007862745098039216
0.005237430167597765
0.05473372781065089
0.043475675675675673
0.005580357142857143
-0.006586816720257237
0.019914364640883978
0
0.02688470066518847
0.0015328083989501302
0.0276887417218543
-0.022779043280182234
0.034
0.02731362467866324
-0.033783783783783786
-0.004812500000000001
0.006626506024096385
-0.056527539779681765
0.07678849144634525
0.010157407407407408
0.05318582791033985
0.03756010568031704
0.035735105407882675
0.026041666666666668
0.02836559139784946
-0.04217325227963526
-0.020509977827051
0.014905857740585775
0.04785478547854786
0.051559449311639555
0.022435656836461128
0.051740458015267166
0.0768121546961326
-0.013055614973262034
