0
0.052497368421052626
0.014893617021276596
-0.00980472103004292
0.08105192629815745
0.10872781065088757
0.03460743801652893
0.03179824561403509
0.01916033755274262
0.010248259860788863
0.02992021276595745
0.05464661654135339
0.01921613394216134
0.08539765319426336
0.056001901140684415
-0.016042780748663103
0.055792377131394184
0.050939663699307615
0.02535658914728682
0.05891573033707865
-0.0012080078125
0.02745739910313901
0.04988927335640138
-0.0044964028776978415
0.021912023460410556
0.03724344569288389
-0.010715
0.029632250580046402
-0.02864191616766467
0.042138381201044385
0.09875161987041037
0.031609937888198755
0.015006596306068602
0.009034645669291338
-0.027894736842105264
0.03543732590529248
0.029106029106029108
0.05297630922693267
-0.03037084398976982
0.07618283582089552
0.14222314049586776
-0.046931956257594165
-0.038865546218487396
0.0661764705882353
0.028157894736842104
0.019007731958762885
0.10281267217630853
-0.016726396917148365
0.030515486725663715
0.009003824091778202
0.06581828073993472
-0.017796610169491526
0.011835548172757475
-0.04967248908296943
-0.005078125
-0.0017647058823529412
-0.04988532110091743
0.05047169811320755
-0.006090487238979118
0.03297865353037767
0.08844165435745938
0.11231101511879049
0.0078208
-0.011013215859030838
-0.02262941176470588
-0.05089703588143526
0.03857800511508951
-0.0691747572815534
0.05184158415841584
-0.034375
0.011871302343449864
0.017017080745341615
0.07048663101604279
0.024006622516556293
0.033551934826883914
0.05607831762146483
-0.03244466800804829
0.014776243093922652
0.04791666666666667
0.08623453608247424
-0.0041444652908067545
-0.007867021276595745
0.034189761694616065
0.0018949843260188076
-0.002028205128205129
0.03669871794871795
0.07555650684931507
0.016374858437146093
0.013004651162790698
0.028597330367074528
0.03365384615384615
0.009837549933422101
-0.02806122448979592
0.10946870838881494
-0.05071189979123173
0.011439732142857142
0.049036111111111114
0.09227821939586646
0.05013368983957219
0.02312889812889813
-0.022286821705426358
0.010661764705882353
0.019689737470167064
0.025356576862123614
-0.004612377850162868
0.05114774494556765
0.0002724902216427635
0.0105475763016158
0.03777777777777778
5.961674946770733e-05
0.04192546583850932
0.027382252559726962
0.01986301369863014
0.00398686679174484
-0.02849645390070922
0.003720238095238095
0.04837827715355805
-0.048770491803278686
-0.03235694822888283
0.03981787521079258
0.05437223974763406
0.04095441595441596
0.0936532507739938
-0.07428571428571429
0.09651360544217687
0.029336734693877552
0.07325436408977556
0.11902713178294573
0.08868894601542417
-0.02334254143646409
0.03934054054054054
-0.00689247311827957
-0.008758522727272728
0.0023734177215189874
-0.003472222222222222
0.061046511627906974
0.04450362976406534
0.07990771812080537
0.0031473296500920804
-0.010817307692307692
0.051934400000000006
-9.645061728395061e-05
-0.03664383561643836
0.11226637554585153
0.013416193181818182
0.0695015166835187
-0.00874618320610687
0.103125
0.00949367088607595
0.1067860465116279
0.11528333333333333
0.011357859531772575
0.08171917808219178
0.06630303030303031
-0.0173938679245283
0.04780629139072848
0.03278024691358024
0.073794682422452
-0.011750881316098707
0.07548878923766816
0.06597766097240473
-0.008032128514056224
0.022388059701492536
-0.0028609154929577466
0.043624691358024686
0.008223591549295774
0.034552845528455285
0.07227195121951219
0.005368098159509203
0.06845488721804513
0.0757486678507993
0.015139329805996473
0.008129032258064512
0.025638280616382802
0.1609971671388102
0.017045454545454544
0.02176932668329177
0.00011938872970391595
0.013566860465116279
0.04576099706744868
0.07329136690647482
0.07132903225806453
0.03809509658246656
-0.00033227344992050814
0.07965575396825397
0.0531898355754858
-0.021374458874458876
0.015388888888888888
0.033216783216783216
0.03205500550055006
0.006329113924050633
0.009878419452887538
0.06191674208144797
0.053564894932014835
-0.03249308755760368
0.05621757925072046
0.09963555555555555
-0.0025400907715582453
0.09394572025052192
0.019021739130434784
-0.06451833740831295
-0.016683778234086243
-0.006723642172523961
0.02645472837022133
-0.008155397390272835
0.08085218508997428
0.013969639468690702
0.05469955947136564
0.004305617977528091
0.035182679296346414
0.03807719928186715
0.09690656565656566
-0.021973224679860303
-0.0109660441426146
0.038711751662971174
0.03638808373590983
0.08957234726688103
-0.003217303822937626
0.046007528230865756
-0.03165253077975376
0.0039494470774091624
-0.002718367346938777
0.03756526548672567
0.04259604519774012
0.03716901408450704
0.014747191011235955
0.05218794835007173
0.08274843750000001
0.024008350730688934
0.008671936758893281
0.015471167369901548
0.030545454545454546
-0.04336734693877551
0.06533477321814254
0.057650793650793654
0.024784562211981564
0.01574074074074074
-0.038856304985337244
0.036561264822134384
0.06389508928571429
0.02216441005802708
0.04878895705521472
0.018589108910891092
0.03555759803921569
-0.062045351473922906
0.010734072022160665
0.024266365688487584
0.08829568788501027
0.01669139465875371
0.048301859799713874
-0.001455459770114945
0.028137037037037037
0.021303901437371663
-0.008771929824561403
0.03094689265536723
-0.03306451612903226
0.007560922063666301
0.0008361204013377926
0.014158576051779935
0.008424161073825502
0.06703687150837989
-0.03559770114942529
0.03832392026578073
0.004310344827586207
0.06058291457286432
0.06707643312101912
-0.060064935064935064
0.05370886075949367
0.09686493506493506
0.028449238578680203
0.023007246376811594
0.011538567493112946
0.0006106032906764161
0.0803366935483871
0.064446519524618
0.013298268974700397
0.07639
0.03721212121212122
0.0449088319088319
0.06374960876369327
0.021323529411764706
0.024595238095238094
0.02639067055393586
0.02231543624161074
-0.012650602409638554
0.018001618122977348
0.000632867132867133
-0.030100334448160536
0.052856240126382306
-0.03520408163265306
0.025343478260869568
0.009554140127388535
-0.00946372239747634
0.00973360655737705
0.05868930523028885
-0.01936619718309859
0.029691616766467064
0.0007539503386004506
0.027947544642857144
0.05896962025316455
-0.014595103578154425
0.049920550847457626
0.017310283687943264
-0.04178907103825137
0.0039569892473118266
0.03468701298701299
0.04178284923928077
0.04816248348745047
0.008275613275613275
0.020947802197802196
0.0691985401459854
0.009392805755395684
0.07295519713261649
0.02892503748125937
-0.043889267461669504
-0.003205128205128205
0.014463225806451612
0.02839643652561247
-0.016525593008739077
0.034156976744186045
0.025834658187599363
0.05671654676258993
0.109375
-0.020801232665639446
-0.021757068062827224
0.03169291338582677
0.06983779971791254
0.02762172284644195
0.010385756676557863
0.07436512261580382
-0.021040948275862066
-0.0005751533742331289
-0.04304166666666667
0.068279823269514
0.052040425531914895
0.049473913043478264
0.007436708860759493
-0.034471649484536085
0.014872521246458924
0.022806623931623932
0.033533402922755744
-0.00841679389312977
-0.0147475845410628
-0.027149321266968326
0.006558641975308642
0.023698884758364312
0.0032374821173104433
0.05812324929971989
0.033190578158458245
0.08724331926863572
0.01956111111111111
0.1076109589041096
0.056487062404870614
0.004411669367909238
0.0653758389261745
0.03288953797132236
0.011849442379182156
0.06793370165745857
0.02462121212121212
0.010694158075601375
-0.05129928315412186
0.0572113475177305
-0.012426900584795321
0.05140625
0.02507598784194529
0.09356578947368421
0.014929359823399555
0.04857040882543803
0.04565665236051502
0.017054054054054052
0.058848797250859106
0.044996758508914096
0.018161194029850745
0.05307007007007007
-0.011432926829268292
-0.005787037037037037
0.0524565868263473
0.02307758620689655
0.013036784741144412
0.06405542986425339
0.004625570776255707
-0.010553933495539335
0.016518564356435644
0.04934712950600801
0.057647422680412376
0.027452025586353946
0.016254578754578756
0.019589430894308944
0.08227211796246649
0.01025236593059937
0.041603938730853385
0.03852855407047388
0.048412698412698414
0.02092548435171386
0.041567839195979894
-0.01139183673469388
0.0029450261780104713
0.09123155505107831
-0.02443820224719101
-0.037267080745341616
0.04368381240544629
0.016577928363988383
0.03430451127819549
0.021272285251215557
0.08595286885245902
0.009147255689424365
0.03351920838183935
-0.0033621517771373678
0.018246644295302015
0.06040064620355411
0.07301045856798069
0.07386643835616438
0.023981113320079524
-0.021313179347826082
0.03369905956112853
0.012501246882793022
0.10287333333333334
0.016687657430730477
0.006475384615384615
0.008928571428571428
-0.02982107355864811
-0.011442572741194486
0.0971927966101695
0.011519607843137256
0.11557709251101324
0.0867581903276131
0.003607526881720427
0.002682242990654205
0.024908554572271393
0.004703328509406657
0.078125
-0.022348949919224554
-0.01695478723404255
0.019707207207207207
-0.014118975903614458
-0.0009025270758122744
-0.02567820069204152
-0.0011904761904761906
0.08566433566433566
0.01893095768374165
0.045342419080068155
0.03574159021406728
0.07190860215053764
-0.010208576998050682
0.0888177727784027
0.015874285714285712
0.055755980861244024
-0.017634854771784232
0.006019261637239166
0.08542857142857142
0.015723735408560313
0.05426829268292683
0.003909379968203497
0.03069526627218935
0.047606224627875504
-0.009181969949916527
-0.025505672609400325
0.04616182572614108
0.03160511363636364
0.11820914127423822
0.026905263157894734
0.05438852097130242
0.09358571428571429
0.07803658536585367
0.013779527559055118
0.06003649635036496
0.04242412451361868
0.05730851063829788
0.03622881355932203
0.04370202020202021
0.0347682119205298
0.002503105590062111
0.012005649717514125
0.04184173669467787
0.01857429718875502
0.016987829614604464
0.08230027548209366
0.034925000000000005
0.017504930966469427
0.02908919382504288
0.04915304347826087
0.08074387947269303
0.020133243606998655
0.050117977528089885
0.02755591054313099
0.06995530236634531
-0.02342209072978304
0.08916382252559726
0.058260869565217394
-0.012074358974358974
-0.04193837535014005
0.040539763113367176
-0.03316295025728988
0.07716621253405995
0.030005291005291004
0.07837301587301587
-0.003968253968253968
-0.024261603375527425
-0.009400406504065041
-0.05733944954128441
0.050213675213675216
0.02916532721010333
-0.018606904231625834
0.08498157894736842
0.041930379746835444
0.07208333333333333
0.02788102409638554
0.030538302277432712
0.06627218045112782
0.015306122448979591
0.027985018726591763
0.03387560975609756
-0.02237136465324385
0.03479381443298969
0.03220081135902637
-0.0365934819897084
0.11295572916666667
0.023391812865497075
0.09783896103896106
-0.008625510204081631
0.07472937771345875
0.005829015544041451
-0.0037782426778242696
0.07750437317784256
0.03308823529411765
-0.0023753753753753765
-0.054455445544554455
0.015875
-0.00399379524301965
0.06814232209737828
-0.01913778990450205
-0.012455516014234875
0.06162098138747886
0.034226708074534165
-0.001460405156537755
-0.0017281105990783411
0.05543717728055078
-0.04295774647887324
0.04196428571428571
0.07670551378446117
-0.0031771428571428575
-0.010375494071146246
0.03335579514824798
0.02844168260038241
0.032956239870340354
0.049368
0.01683937823834197
0.017845652173913044
-0.012444594594594594
0.05160788381742738
-0.013772954924874792
0.006009615384615385
-0.00671280532938564
0.13432848837209302
0.07981220657276995
0.04233063328424153
-0.059418224299065424
0.0649989837398374
0.10515732758620691
0.00891758917589176
0.016134779750164363
0.06807746478873239
0.0652654028436019
-0.02939331210191082
-0.026824657534246576
-0.02307046979865772
0.017608378870673954
0.027828467153284672
0.002101388888888886
0.06340468227424749
0.007762738853503185
0.046992481203007516
0.037825518831667945
0.040878048780487806
0.020799011532125204
-0.008840864440078585
0.03834822804314329
-0.005963190184049081
0.0194645390070922
-0.0005552147239263805
0.008700617283950617
0.04889669421487603
0.07672518159806295
-0.05847041420118343
0.04523293515358361
-0.008584120982986769
0.12991634980988592
0.07896825396825397
0.0074430823117338
0.008442265795206972
0.06781663516068052
-0.01870357142857143
-0.004984662576687116
0.037162162162162164
0.001102803738317756
0.04208321964529332
-0.025140724946695097
0.04068659420289855
-0.00472972972972973
0.0656629213483146
0.12044701986754967
0.04694625719769674
-0.010998019801980199
0.004290171606864275
0.06701666666666667
0.011288180610889775
0.02081691368788143
0.02324561403508772
-0.006977386934673367
0.0821917808219178
0.023659626320064988
-0.0168727634194831
0.028720626631853787
-0.006339401820546164
-0.01555793991416309
0.020918809201623822
0.0246120527306968
0.020542105263157896
-0.010349025974025974
0.028428819444444444
-0.0217859649122807
0.032760176017601755
0.04246345029239766
0.03668050541516245
0.015664570230607962
0.049218446601941745
0.023443844492440608
0.003668171557562077
-0.007767832167832168
0.09383884297520663
0.009954844006568144
0.021808040770101924
0.04075625000000001
0.033312182741116754
0.04212822580645161
0.05818241758241759
0.046914357682619645
0.02830547112462006
0.0024752475247524753
-0.023499210110584517
0.09466385372714486
0.0926784203102962
0.045806745670009114
0.05185589519650655
0.041019340974212025
0.071105702364395
0.09100965406275141
0.052568697729988054
0.00956969696969697
0.04248046875
0.0023052884615384606
0.0676161449752883
0.055689655172413796
0.07594086021505377
0.055616618075801746
0.08958490566037737
0.060361216730038025
0.011320754716981131
-0.0025
0.04195601851851852
0.04755043227665706
0.05347769028871391
0.06267500000000001
0.028820375335120642
-0.010360610263522885
0.10380105633802818
0.05809756097560975
0.004794690265486725
0.04332237539766703
0.04227622841965471
-0.02544642857142857
0.012848751835535976
-0.005964730290456431
0.018004540295119182
0.03300561797752809
0.025989830508474577
0.04137323943661972
0.09587763713080168
0.0764751552795031
0.037038142620232174
0.04597695035460993
-0.0007442455242966761
0.10476326530612246
0.0791344537815126
0.08782894736842105
0.050651829871414436
0.034057971014492754
-0.01213235294117647
0.03188539741219963
-0.012316270566727605
0.002559055118110236
-0.026982378854625552
0.029390532544378692
-0.013174233128834355
0.011122511485451759
-0.04784240150093809
0.0402550881953867
-0.025013996889580094
0.028249622926093516
0.09829166666666667
0.010955056179775283
0.025896414342629483
0.05749258160237389
0.035286284953395475
0.08065714285714286
0.03073447204968945
0.024013722126929673
-0.02664844903988183
0.0792370820668693
0.007752864157119476
0.030660377358490566
0.016726943942133816
0.03672452830188679
-0.03428571428571429
0.04875515463917526
0.010101010101010102
0.057735294117647065
0.038455865921787714
-0.10189075630252101
0.10584306569343065
-0.010119940029985007
-0.007075471698113208
0.015047581903276132
-0.006963315217391304
0.0024738067520372526
0.07564511041009464
-0.010560675883256529
0.01797658862876254
0.0034074605451936872
0.016867430441898527
0.09706463878326997
0.023026315789473683
0.07040229885057471
0.0589041095890411
-0.024545087483176315
0.002816287878787879
0.06634352331606218
0.025617732558139535
0.013041482789055604
-0.014479905437352246
0.010568218298555377
0.032653910149750415
-0.0011510128913443832
-0.001686656671664168
0.05375318066157761
