0
0.02688470066518847
0.0015328083989501302
0.0276887417218543
-0.022779043280182234
0.034
0.02731362467866324
-0.033783783783783786
-0.004812500000000001
0.006626506024096385
-0.056527539779681765
0.07678849144634525
0.010157407407407408
0.05318582791033985
0.03756010568031704
0.035735105407882675
0.026041666666666668
0.02836559139784946
-0.04217325227963526
-0.020509977827051
0.014905857740585775
0.04785478547854786
0.051559449311639555
0.022435656836461128
0.051740458015267166
0.0768121546961326
-0.013055614973262034
